%YAML:1.0
coefficient: 2.9999999329447746e-02
